{
 "cells": [
  {
   "cell_type": "code",
   "execution_count": 60,
   "id": "79598218-106b-4849-a8be-46f746228a25",
   "metadata": {},
   "outputs": [],
   "source": [
    "from Bio import Entrez, SeqIO\n",
    "\n",
    "Entrez.email = \"cacultice@ucdavis.edu\"\n",
    "\n",
    "# Dictionary of species and their GenBank numbers\n",
    "species_data = {\n",
    "    \"German Neanderthal\": \"AF011222\",\n",
    "    \"Russian Neanderthal\": \"AF254446\",\n",
    "    \"European Human\": \"X90314\",\n",
    "    \"Mountain Gorilla Rwanda\": \"AF089820\",\n",
    "    \"Chimp Troglodytes\": \"AF176766\",\n",
    "    \"Puti Orangutan\": \"AF451972\",\n",
    "    \"Jari Orangutan\": \"AF451964\",\n",
    "    \"Western Lowland Gorilla\": \"AY079510\",\n",
    "    \"Eastern Lowland Gorilla\": \"AF050738\",\n",
    "    \"Chimp Schweinfurthii\": \"AF176722\",\n",
    "    \"Chimp Vellerosus\": \"AF315498\",\n",
    "    \"Chimp Verus\": \"AF176731\"\n",
    "}\n",
    "\n",
    "# Fetch FASTA sequences\n",
    "def fetch_fasta(accession):\n",
    "    handle = Entrez.efetch(db = \"nucleotide\", id = accession, rettype = \"fasta\", retmode = \"text\")\n",
    "    record = SeqIO.read(handle, \"fasta\")\n",
    "    handle.close()\n",
    "    return str(record.seq)  # Return as string\n",
    "\n",
    "# Store in dictionary\n",
    "real_dna_sequences = {species: fetch_fasta(acc) for species, acc in species_data.items()}"
   ]
  },
  {
   "cell_type": "markdown",
   "id": "26cbd47b-f1b6-4749-8370-21fe021aed0b",
   "metadata": {},
   "source": [
    "### Task 1"
   ]
  },
  {
   "cell_type": "code",
   "execution_count": 61,
   "id": "53680fdb-02ad-4aed-a7ce-8814a21ce0cb",
   "metadata": {},
   "outputs": [],
   "source": [
    "def EditDistance(X, Y):\n",
    "    m = len(X)\n",
    "    n = len(Y)\n",
    "    c = [[0] * (n + 1) for _ in range(m + 1)] # Create matrix c with size (m+1) x (n+1), initialized to zero\n",
    "    \n",
    "    for i in range(m + 1): # Initialize the base case\n",
    "        c[i][0] = i  # Cost of deleting all characters from X to match empty Y\n",
    "    for j in range(n + 1):\n",
    "        c[0][j] = j  # Cost of inserting all characters of Y to match empty X\n",
    "    \n",
    "    # Compute Edit Distance\n",
    "    for i in range(1, m + 1): # loop through the length of X\n",
    "        for j in range(1, n + 1): # loop through the length of y\n",
    "            if X[i-1] == Y[j-1]: \n",
    "                cost = 0  # No cost if characters are the same\n",
    "            else:\n",
    "                cost = 1 # cost for substitution  # Cost of 1 for a substitution\n",
    "            \n",
    "            c[i][j] = min(c[i-1][j-1] + cost, # Substitution\n",
    "                          c[i-1][j] + 1,  # cost for deletion\n",
    "                          c[i][j-1] + 1) #cost for insertion\n",
    "    \n",
    "    return c[m][n]  # Edit distance is bottom right cell as it acts as the total"
   ]
  },
  {
   "cell_type": "markdown",
   "id": "db3010a5-b063-48c3-a2e6-bc2403d2096f",
   "metadata": {},
   "source": [
    "### Task 2"
   ]
  },
  {
   "cell_type": "code",
   "execution_count": 70,
   "id": "f8a41ecb-affd-473d-8201-a2add4a8ab02",
   "metadata": {},
   "outputs": [],
   "source": [
    "dist_matrix = [[0] * (len(real_dna_sequences)) for _ in range(len(real_dna_sequences))]"
   ]
  },
  {
   "cell_type": "code",
   "execution_count": 71,
   "id": "cf3932fc-0933-468b-8dc8-86c6a4ec57c8",
   "metadata": {},
   "outputs": [
    {
     "name": "stdout",
     "output_type": "stream",
     "text": [
      "[[0, 0, 0, 0, 0, 0, 0, 0, 0, 0, 0, 0], [0, 0, 0, 0, 0, 0, 0, 0, 0, 0, 0, 0], [0, 0, 0, 0, 0, 0, 0, 0, 0, 0, 0, 0], [0, 0, 0, 0, 0, 0, 0, 0, 0, 0, 0, 0], [0, 0, 0, 0, 0, 0, 0, 0, 0, 0, 0, 0], [0, 0, 0, 0, 0, 0, 0, 0, 0, 0, 0, 0], [0, 0, 0, 0, 0, 0, 0, 0, 0, 0, 0, 0], [0, 0, 0, 0, 0, 0, 0, 0, 0, 0, 0, 0], [0, 0, 0, 0, 0, 0, 0, 0, 0, 0, 0, 0], [0, 0, 0, 0, 0, 0, 0, 0, 0, 0, 0, 0], [0, 0, 0, 0, 0, 0, 0, 0, 0, 0, 0, 0], [0, 0, 0, 0, 0, 0, 0, 0, 0, 0, 0, 0]]\n"
     ]
    }
   ],
   "source": [
    "print(dist_matrix)"
   ]
  },
  {
   "cell_type": "code",
   "execution_count": 75,
   "id": "890039e7-b300-49dc-9cda-7b23e2df4556",
   "metadata": {},
   "outputs": [],
   "source": [
    "species_names = list(real_dna_sequences.keys())\n",
    "species_seqs = list(real_dna_sequences.values())"
   ]
  },
  {
   "cell_type": "code",
   "execution_count": 76,
   "id": "91af5834-f3b7-4d7e-89dd-0118a786259a",
   "metadata": {},
   "outputs": [],
   "source": [
    "for i in range(len(species_names)):\n",
    "    for j in range(len(species_names)):\n",
    "        dist_matrix[i][j] = EditDistance(species_seqs[i], species_seqs[j])"
   ]
  },
  {
   "cell_type": "code",
   "execution_count": 77,
   "id": "b7f7fbbd-1707-42bb-974e-3cb35e03ca64",
   "metadata": {},
   "outputs": [
    {
     "data": {
      "text/plain": [
       "[[0, 46, 48, 149, 106, 134, 135, 146, 151, 103, 156, 96],\n",
       " [46, 0, 73, 163, 80, 115, 110, 167, 165, 77, 126, 72],\n",
       " [48, 73, 0, 141, 88, 135, 132, 138, 140, 88, 166, 91],\n",
       " [149, 163, 141, 0, 158, 179, 177, 60, 17, 158, 142, 153],\n",
       " [106, 80, 88, 158, 0, 122, 115, 172, 160, 21, 115, 41],\n",
       " [134, 115, 135, 179, 122, 0, 11, 176, 181, 118, 166, 119],\n",
       " [135, 110, 132, 177, 115, 11, 0, 178, 180, 111, 167, 112],\n",
       " [146, 167, 138, 60, 172, 176, 178, 0, 60, 167, 143, 166],\n",
       " [151, 165, 140, 17, 160, 181, 180, 60, 0, 157, 143, 156],\n",
       " [103, 77, 88, 158, 21, 118, 111, 167, 157, 0, 107, 35],\n",
       " [156, 126, 166, 142, 115, 166, 167, 143, 143, 107, 0, 107],\n",
       " [96, 72, 91, 153, 41, 119, 112, 166, 156, 35, 107, 0]]"
      ]
     },
     "execution_count": 77,
     "metadata": {},
     "output_type": "execute_result"
    }
   ],
   "source": [
    "dist_matrix"
   ]
  },
  {
   "cell_type": "markdown",
   "id": "9d23337d-2ff2-4720-a37e-2f525a704255",
   "metadata": {},
   "source": [
    "### Task 3 4, and 5"
   ]
  },
  {
   "cell_type": "code",
   "execution_count": 99,
   "id": "896495d5-e591-48fb-be50-46d1de97f84c",
   "metadata": {},
   "outputs": [],
   "source": [
    "import numpy as np\n",
    "import pandas as pd\n",
    "\n",
    "def upgma(dist_matrix, species_list):\n",
    "    clusters = {i: {species_list[i]} for i in range(len(species_list))}  # Store clusters as sets\n",
    "    heights = {i: 0 for i in range(len(species_list))}  # Track heights\n",
    "    T = {}  # Tree structure\n",
    "    active_clusters = list(range(len(species_list)))  # Track active cluster indices\n",
    "\n",
    "    print(\"Initial Distance Matrix:\")\n",
    "    df = pd.DataFrame(dist_matrix, index = species_names, columns = species_names)\n",
    "    display(df)\n",
    "    \n",
    "    # Loop as long as there are multiple clusters\n",
    "    while len(active_clusters) > 1:\n",
    "        # Find the closest pair of clusters\n",
    "        min_distance = float('inf')\n",
    "        node1, node2 = -1, -1  # Initialize nodes as impossible values\n",
    "        for i in range(len(dist_matrix)):  # Loop through dist_matrix to find the closest nodes\n",
    "            for j in range(i):\n",
    "                if dist_matrix[i][j] < min_distance:\n",
    "                    min_distance = dist_matrix[i][j]\n",
    "                    node1, node2 = i, j\n",
    "\n",
    "        real_node1 = active_clusters[node1]\n",
    "        real_node2 = active_clusters[node2]\n",
    "\n",
    "        # Merge the clusters\n",
    "        merged_cluster = clusters[real_node1] | clusters[real_node2]\n",
    "        merge_cluster_index = max(clusters.keys(), default = -1) + 1  # Ensure unique index\n",
    "        clusters[merge_cluster_index] = merged_cluster\n",
    "        heights[merge_cluster_index] = min_distance / 2\n",
    "\n",
    "        # Store merged clusters in the tree\n",
    "        T[merge_cluster_index] = (real_node1, real_node2, min_distance / 2)\n",
    "\n",
    "        print(f\"\\nMerging Clusters: {clusters[real_node1]} and {clusters[real_node2]} → {clusters[merge_cluster_index]} (Height: {min_distance / 2})\")\n",
    "\n",
    "        # Update Distance Matrix\n",
    "        new_row = []  # Get new row for distance_matrix\n",
    "        for k in range(len(dist_matrix)):\n",
    "            if k != node1 and k != node2:  # Skip merged clusters\n",
    "                new_dist = (dist_matrix[node1][k] + dist_matrix[node2][k]) / 2  # Applying formula\n",
    "                new_row.append(new_dist)\n",
    "\n",
    "        # Remove old clusters from distance matrix\n",
    "        dist_matrix = np.delete(dist_matrix, [node1, node2], axis=0)\n",
    "        dist_matrix = np.delete(dist_matrix, [node1, node2], axis=1)\n",
    "\n",
    "        # Add the new cluster's distance values\n",
    "        dist_matrix = np.vstack((dist_matrix, new_row))\n",
    "        new_col = np.array(new_row + [0])[:, None]\n",
    "        dist_matrix = np.hstack((dist_matrix, new_col))\n",
    "\n",
    "        print(f\"Updated Distance Matrix:\\n{dist_matrix}\")  # Print updated matrix\n",
    "\n",
    "        # Update active cluster list\n",
    "        new_active_clusters = []  # Create a new list for active clusters\n",
    "        for i, c in enumerate(active_clusters):\n",
    "            if i not in [node1, node2]:  # Skip merged clusters\n",
    "                new_active_clusters.append(c)\n",
    "\n",
    "        # Add merged cluster to the active list\n",
    "        new_active_clusters.append(merge_cluster_index)\n",
    "        active_clusters = new_active_clusters\n",
    "\n",
    "        # Remove merged clusters\n",
    "        del clusters[real_node1]\n",
    "        del clusters[real_node2]\n",
    "        del heights[real_node1]\n",
    "        del heights[real_node2]\n",
    "\n",
    "    print(\"\\nFinal List of Clusters:\")\n",
    "    print_clusters(clusters)\n",
    "    \n",
    "    print(\"\\nFinal Tree:\")\n",
    "    print_tree(T)\n",
    "    \n",
    "    return T\n",
    "\n",
    "def print_tree(T):\n",
    "    for parent, (child1, child2, height) in T.items():\n",
    "        print(f\"Cluster {parent} → ({child1}, {child2}) [Height: {height}]\")\n",
    "\n",
    "def print_clusters(clusters):\n",
    "    print(f\"{{ {', '.join(map(str, clusters.values()))} }}\")\n"
   ]
  },
  {
   "cell_type": "code",
   "execution_count": 100,
   "id": "22549b20-aaf9-41ff-9b22-42a8e7371978",
   "metadata": {},
   "outputs": [
    {
     "name": "stdout",
     "output_type": "stream",
     "text": [
      "Initial Distance Matrix:\n"
     ]
    },
    {
     "data": {
      "text/html": [
       "<div>\n",
       "<style scoped>\n",
       "    .dataframe tbody tr th:only-of-type {\n",
       "        vertical-align: middle;\n",
       "    }\n",
       "\n",
       "    .dataframe tbody tr th {\n",
       "        vertical-align: top;\n",
       "    }\n",
       "\n",
       "    .dataframe thead th {\n",
       "        text-align: right;\n",
       "    }\n",
       "</style>\n",
       "<table border=\"1\" class=\"dataframe\">\n",
       "  <thead>\n",
       "    <tr style=\"text-align: right;\">\n",
       "      <th></th>\n",
       "      <th>German Neanderthal</th>\n",
       "      <th>Russian Neanderthal</th>\n",
       "      <th>European Human</th>\n",
       "      <th>Mountain Gorilla Rwanda</th>\n",
       "      <th>Chimp Troglodytes</th>\n",
       "      <th>Puti Orangutan</th>\n",
       "      <th>Jari Orangutan</th>\n",
       "      <th>Western Lowland Gorilla</th>\n",
       "      <th>Eastern Lowland Gorilla</th>\n",
       "      <th>Chimp Schweinfurthii</th>\n",
       "      <th>Chimp Vellerosus</th>\n",
       "      <th>Chimp Verus</th>\n",
       "    </tr>\n",
       "  </thead>\n",
       "  <tbody>\n",
       "    <tr>\n",
       "      <th>German Neanderthal</th>\n",
       "      <td>0</td>\n",
       "      <td>46</td>\n",
       "      <td>48</td>\n",
       "      <td>149</td>\n",
       "      <td>106</td>\n",
       "      <td>134</td>\n",
       "      <td>135</td>\n",
       "      <td>146</td>\n",
       "      <td>151</td>\n",
       "      <td>103</td>\n",
       "      <td>156</td>\n",
       "      <td>96</td>\n",
       "    </tr>\n",
       "    <tr>\n",
       "      <th>Russian Neanderthal</th>\n",
       "      <td>46</td>\n",
       "      <td>0</td>\n",
       "      <td>73</td>\n",
       "      <td>163</td>\n",
       "      <td>80</td>\n",
       "      <td>115</td>\n",
       "      <td>110</td>\n",
       "      <td>167</td>\n",
       "      <td>165</td>\n",
       "      <td>77</td>\n",
       "      <td>126</td>\n",
       "      <td>72</td>\n",
       "    </tr>\n",
       "    <tr>\n",
       "      <th>European Human</th>\n",
       "      <td>48</td>\n",
       "      <td>73</td>\n",
       "      <td>0</td>\n",
       "      <td>141</td>\n",
       "      <td>88</td>\n",
       "      <td>135</td>\n",
       "      <td>132</td>\n",
       "      <td>138</td>\n",
       "      <td>140</td>\n",
       "      <td>88</td>\n",
       "      <td>166</td>\n",
       "      <td>91</td>\n",
       "    </tr>\n",
       "    <tr>\n",
       "      <th>Mountain Gorilla Rwanda</th>\n",
       "      <td>149</td>\n",
       "      <td>163</td>\n",
       "      <td>141</td>\n",
       "      <td>0</td>\n",
       "      <td>158</td>\n",
       "      <td>179</td>\n",
       "      <td>177</td>\n",
       "      <td>60</td>\n",
       "      <td>17</td>\n",
       "      <td>158</td>\n",
       "      <td>142</td>\n",
       "      <td>153</td>\n",
       "    </tr>\n",
       "    <tr>\n",
       "      <th>Chimp Troglodytes</th>\n",
       "      <td>106</td>\n",
       "      <td>80</td>\n",
       "      <td>88</td>\n",
       "      <td>158</td>\n",
       "      <td>0</td>\n",
       "      <td>122</td>\n",
       "      <td>115</td>\n",
       "      <td>172</td>\n",
       "      <td>160</td>\n",
       "      <td>21</td>\n",
       "      <td>115</td>\n",
       "      <td>41</td>\n",
       "    </tr>\n",
       "    <tr>\n",
       "      <th>Puti Orangutan</th>\n",
       "      <td>134</td>\n",
       "      <td>115</td>\n",
       "      <td>135</td>\n",
       "      <td>179</td>\n",
       "      <td>122</td>\n",
       "      <td>0</td>\n",
       "      <td>11</td>\n",
       "      <td>176</td>\n",
       "      <td>181</td>\n",
       "      <td>118</td>\n",
       "      <td>166</td>\n",
       "      <td>119</td>\n",
       "    </tr>\n",
       "    <tr>\n",
       "      <th>Jari Orangutan</th>\n",
       "      <td>135</td>\n",
       "      <td>110</td>\n",
       "      <td>132</td>\n",
       "      <td>177</td>\n",
       "      <td>115</td>\n",
       "      <td>11</td>\n",
       "      <td>0</td>\n",
       "      <td>178</td>\n",
       "      <td>180</td>\n",
       "      <td>111</td>\n",
       "      <td>167</td>\n",
       "      <td>112</td>\n",
       "    </tr>\n",
       "    <tr>\n",
       "      <th>Western Lowland Gorilla</th>\n",
       "      <td>146</td>\n",
       "      <td>167</td>\n",
       "      <td>138</td>\n",
       "      <td>60</td>\n",
       "      <td>172</td>\n",
       "      <td>176</td>\n",
       "      <td>178</td>\n",
       "      <td>0</td>\n",
       "      <td>60</td>\n",
       "      <td>167</td>\n",
       "      <td>143</td>\n",
       "      <td>166</td>\n",
       "    </tr>\n",
       "    <tr>\n",
       "      <th>Eastern Lowland Gorilla</th>\n",
       "      <td>151</td>\n",
       "      <td>165</td>\n",
       "      <td>140</td>\n",
       "      <td>17</td>\n",
       "      <td>160</td>\n",
       "      <td>181</td>\n",
       "      <td>180</td>\n",
       "      <td>60</td>\n",
       "      <td>0</td>\n",
       "      <td>157</td>\n",
       "      <td>143</td>\n",
       "      <td>156</td>\n",
       "    </tr>\n",
       "    <tr>\n",
       "      <th>Chimp Schweinfurthii</th>\n",
       "      <td>103</td>\n",
       "      <td>77</td>\n",
       "      <td>88</td>\n",
       "      <td>158</td>\n",
       "      <td>21</td>\n",
       "      <td>118</td>\n",
       "      <td>111</td>\n",
       "      <td>167</td>\n",
       "      <td>157</td>\n",
       "      <td>0</td>\n",
       "      <td>107</td>\n",
       "      <td>35</td>\n",
       "    </tr>\n",
       "    <tr>\n",
       "      <th>Chimp Vellerosus</th>\n",
       "      <td>156</td>\n",
       "      <td>126</td>\n",
       "      <td>166</td>\n",
       "      <td>142</td>\n",
       "      <td>115</td>\n",
       "      <td>166</td>\n",
       "      <td>167</td>\n",
       "      <td>143</td>\n",
       "      <td>143</td>\n",
       "      <td>107</td>\n",
       "      <td>0</td>\n",
       "      <td>107</td>\n",
       "    </tr>\n",
       "    <tr>\n",
       "      <th>Chimp Verus</th>\n",
       "      <td>96</td>\n",
       "      <td>72</td>\n",
       "      <td>91</td>\n",
       "      <td>153</td>\n",
       "      <td>41</td>\n",
       "      <td>119</td>\n",
       "      <td>112</td>\n",
       "      <td>166</td>\n",
       "      <td>156</td>\n",
       "      <td>35</td>\n",
       "      <td>107</td>\n",
       "      <td>0</td>\n",
       "    </tr>\n",
       "  </tbody>\n",
       "</table>\n",
       "</div>"
      ],
      "text/plain": [
       "                         German Neanderthal  Russian Neanderthal  \\\n",
       "German Neanderthal                        0                   46   \n",
       "Russian Neanderthal                      46                    0   \n",
       "European Human                           48                   73   \n",
       "Mountain Gorilla Rwanda                 149                  163   \n",
       "Chimp Troglodytes                       106                   80   \n",
       "Puti Orangutan                          134                  115   \n",
       "Jari Orangutan                          135                  110   \n",
       "Western Lowland Gorilla                 146                  167   \n",
       "Eastern Lowland Gorilla                 151                  165   \n",
       "Chimp Schweinfurthii                    103                   77   \n",
       "Chimp Vellerosus                        156                  126   \n",
       "Chimp Verus                              96                   72   \n",
       "\n",
       "                         European Human  Mountain Gorilla Rwanda  \\\n",
       "German Neanderthal                   48                      149   \n",
       "Russian Neanderthal                  73                      163   \n",
       "European Human                        0                      141   \n",
       "Mountain Gorilla Rwanda             141                        0   \n",
       "Chimp Troglodytes                    88                      158   \n",
       "Puti Orangutan                      135                      179   \n",
       "Jari Orangutan                      132                      177   \n",
       "Western Lowland Gorilla             138                       60   \n",
       "Eastern Lowland Gorilla             140                       17   \n",
       "Chimp Schweinfurthii                 88                      158   \n",
       "Chimp Vellerosus                    166                      142   \n",
       "Chimp Verus                          91                      153   \n",
       "\n",
       "                         Chimp Troglodytes  Puti Orangutan  Jari Orangutan  \\\n",
       "German Neanderthal                     106             134             135   \n",
       "Russian Neanderthal                     80             115             110   \n",
       "European Human                          88             135             132   \n",
       "Mountain Gorilla Rwanda                158             179             177   \n",
       "Chimp Troglodytes                        0             122             115   \n",
       "Puti Orangutan                         122               0              11   \n",
       "Jari Orangutan                         115              11               0   \n",
       "Western Lowland Gorilla                172             176             178   \n",
       "Eastern Lowland Gorilla                160             181             180   \n",
       "Chimp Schweinfurthii                    21             118             111   \n",
       "Chimp Vellerosus                       115             166             167   \n",
       "Chimp Verus                             41             119             112   \n",
       "\n",
       "                         Western Lowland Gorilla  Eastern Lowland Gorilla  \\\n",
       "German Neanderthal                           146                      151   \n",
       "Russian Neanderthal                          167                      165   \n",
       "European Human                               138                      140   \n",
       "Mountain Gorilla Rwanda                       60                       17   \n",
       "Chimp Troglodytes                            172                      160   \n",
       "Puti Orangutan                               176                      181   \n",
       "Jari Orangutan                               178                      180   \n",
       "Western Lowland Gorilla                        0                       60   \n",
       "Eastern Lowland Gorilla                       60                        0   \n",
       "Chimp Schweinfurthii                         167                      157   \n",
       "Chimp Vellerosus                             143                      143   \n",
       "Chimp Verus                                  166                      156   \n",
       "\n",
       "                         Chimp Schweinfurthii  Chimp Vellerosus  Chimp Verus  \n",
       "German Neanderthal                        103               156           96  \n",
       "Russian Neanderthal                        77               126           72  \n",
       "European Human                             88               166           91  \n",
       "Mountain Gorilla Rwanda                   158               142          153  \n",
       "Chimp Troglodytes                          21               115           41  \n",
       "Puti Orangutan                            118               166          119  \n",
       "Jari Orangutan                            111               167          112  \n",
       "Western Lowland Gorilla                   167               143          166  \n",
       "Eastern Lowland Gorilla                   157               143          156  \n",
       "Chimp Schweinfurthii                        0               107           35  \n",
       "Chimp Vellerosus                          107                 0          107  \n",
       "Chimp Verus                                35               107            0  "
      ]
     },
     "metadata": {},
     "output_type": "display_data"
    },
    {
     "name": "stdout",
     "output_type": "stream",
     "text": [
      "\n",
      "Merging Clusters: {'Jari Orangutan'} and {'Puti Orangutan'} → {'Jari Orangutan', 'Puti Orangutan'} (Height: 5.5)\n",
      "Updated Distance Matrix:\n",
      "[[  0.   46.   48.  149.  106.  146.  151.  103.  156.   96.  134.5]\n",
      " [ 46.    0.   73.  163.   80.  167.  165.   77.  126.   72.  112.5]\n",
      " [ 48.   73.    0.  141.   88.  138.  140.   88.  166.   91.  133.5]\n",
      " [149.  163.  141.    0.  158.   60.   17.  158.  142.  153.  178. ]\n",
      " [106.   80.   88.  158.    0.  172.  160.   21.  115.   41.  118.5]\n",
      " [146.  167.  138.   60.  172.    0.   60.  167.  143.  166.  177. ]\n",
      " [151.  165.  140.   17.  160.   60.    0.  157.  143.  156.  180.5]\n",
      " [103.   77.   88.  158.   21.  167.  157.    0.  107.   35.  114.5]\n",
      " [156.  126.  166.  142.  115.  143.  143.  107.    0.  107.  166.5]\n",
      " [ 96.   72.   91.  153.   41.  166.  156.   35.  107.    0.  115.5]\n",
      " [134.5 112.5 133.5 178.  118.5 177.  180.5 114.5 166.5 115.5   0. ]]\n",
      "\n",
      "Merging Clusters: {'Eastern Lowland Gorilla'} and {'Mountain Gorilla Rwanda'} → {'Eastern Lowland Gorilla', 'Mountain Gorilla Rwanda'} (Height: 8.5)\n",
      "Updated Distance Matrix:\n",
      "[[  0.    46.    48.   106.   146.   103.   156.    96.   134.5  150.  ]\n",
      " [ 46.     0.    73.    80.   167.    77.   126.    72.   112.5  164.  ]\n",
      " [ 48.    73.     0.    88.   138.    88.   166.    91.   133.5  140.5 ]\n",
      " [106.    80.    88.     0.   172.    21.   115.    41.   118.5  159.  ]\n",
      " [146.   167.   138.   172.     0.   167.   143.   166.   177.    60.  ]\n",
      " [103.    77.    88.    21.   167.     0.   107.    35.   114.5  157.5 ]\n",
      " [156.   126.   166.   115.   143.   107.     0.   107.   166.5  142.5 ]\n",
      " [ 96.    72.    91.    41.   166.    35.   107.     0.   115.5  154.5 ]\n",
      " [134.5  112.5  133.5  118.5  177.   114.5  166.5  115.5    0.   179.25]\n",
      " [150.   164.   140.5  159.    60.   157.5  142.5  154.5  179.25   0.  ]]\n",
      "\n",
      "Merging Clusters: {'Chimp Schweinfurthii'} and {'Chimp Troglodytes'} → {'Chimp Schweinfurthii', 'Chimp Troglodytes'} (Height: 10.5)\n",
      "Updated Distance Matrix:\n",
      "[[  0.    46.    48.   146.   156.    96.   134.5  150.   104.5 ]\n",
      " [ 46.     0.    73.   167.   126.    72.   112.5  164.    78.5 ]\n",
      " [ 48.    73.     0.   138.   166.    91.   133.5  140.5   88.  ]\n",
      " [146.   167.   138.     0.   143.   166.   177.    60.   169.5 ]\n",
      " [156.   126.   166.   143.     0.   107.   166.5  142.5  111.  ]\n",
      " [ 96.    72.    91.   166.   107.     0.   115.5  154.5   38.  ]\n",
      " [134.5  112.5  133.5  177.   166.5  115.5    0.   179.25 116.5 ]\n",
      " [150.   164.   140.5   60.   142.5  154.5  179.25   0.   158.25]\n",
      " [104.5   78.5   88.   169.5  111.    38.   116.5  158.25   0.  ]]\n",
      "\n",
      "Merging Clusters: {'Chimp Schweinfurthii', 'Chimp Troglodytes'} and {'Chimp Verus'} → {'Chimp Verus', 'Chimp Schweinfurthii', 'Chimp Troglodytes'} (Height: 19.0)\n",
      "Updated Distance Matrix:\n",
      "[[  0.     46.     48.    146.    156.    134.5   150.    100.25 ]\n",
      " [ 46.      0.     73.    167.    126.    112.5   164.     75.25 ]\n",
      " [ 48.     73.      0.    138.    166.    133.5   140.5    89.5  ]\n",
      " [146.    167.    138.      0.    143.    177.     60.    167.75 ]\n",
      " [156.    126.    166.    143.      0.    166.5   142.5   109.   ]\n",
      " [134.5   112.5   133.5   177.    166.5     0.    179.25  116.   ]\n",
      " [150.    164.    140.5    60.    142.5   179.25    0.    156.375]\n",
      " [100.25   75.25   89.5   167.75  109.    116.    156.375   0.   ]]\n",
      "\n",
      "Merging Clusters: {'Russian Neanderthal'} and {'German Neanderthal'} → {'Russian Neanderthal', 'German Neanderthal'} (Height: 23.0)\n",
      "Updated Distance Matrix:\n",
      "[[  0.    138.    166.    133.5   140.5    89.5    60.5  ]\n",
      " [138.      0.    143.    177.     60.    167.75  156.5  ]\n",
      " [166.    143.      0.    166.5   142.5   109.    141.   ]\n",
      " [133.5   177.    166.5     0.    179.25  116.    123.5  ]\n",
      " [140.5    60.    142.5   179.25    0.    156.375 157.   ]\n",
      " [ 89.5   167.75  109.    116.    156.375   0.     87.75 ]\n",
      " [ 60.5   156.5   141.    123.5   157.     87.75    0.   ]]\n",
      "\n",
      "Merging Clusters: {'Eastern Lowland Gorilla', 'Mountain Gorilla Rwanda'} and {'Western Lowland Gorilla'} → {'Western Lowland Gorilla', 'Eastern Lowland Gorilla', 'Mountain Gorilla Rwanda'} (Height: 30.0)\n",
      "Updated Distance Matrix:\n",
      "[[  0.     166.     133.5     89.5     60.5    139.25  ]\n",
      " [166.       0.     166.5    109.     141.     142.75  ]\n",
      " [133.5    166.5      0.     116.     123.5    178.125 ]\n",
      " [ 89.5    109.     116.       0.      87.75   162.0625]\n",
      " [ 60.5    141.     123.5     87.75     0.     156.75  ]\n",
      " [139.25   142.75   178.125  162.0625 156.75     0.    ]]\n",
      "\n",
      "Merging Clusters: {'Russian Neanderthal', 'German Neanderthal'} and {'European Human'} → {'European Human', 'Russian Neanderthal', 'German Neanderthal'} (Height: 30.25)\n",
      "Updated Distance Matrix:\n",
      "[[  0.     166.5    109.     142.75   153.5   ]\n",
      " [166.5      0.     116.     178.125  128.5   ]\n",
      " [109.     116.       0.     162.0625  88.625 ]\n",
      " [142.75   178.125  162.0625   0.     148.    ]\n",
      " [153.5    128.5     88.625  148.       0.    ]]\n",
      "\n",
      "Merging Clusters: {'European Human', 'Russian Neanderthal', 'German Neanderthal'} and {'Chimp Verus', 'Chimp Schweinfurthii', 'Chimp Troglodytes'} → {'Chimp Verus', 'Chimp Schweinfurthii', 'German Neanderthal', 'European Human', 'Russian Neanderthal', 'Chimp Troglodytes'} (Height: 44.3125)\n",
      "Updated Distance Matrix:\n",
      "[[  0.      166.5     142.75    131.25   ]\n",
      " [166.5       0.      178.125   122.25   ]\n",
      " [142.75    178.125     0.      155.03125]\n",
      " [131.25    122.25    155.03125   0.     ]]\n",
      "\n",
      "Merging Clusters: {'Chimp Verus', 'Chimp Schweinfurthii', 'German Neanderthal', 'European Human', 'Russian Neanderthal', 'Chimp Troglodytes'} and {'Jari Orangutan', 'Puti Orangutan'} → {'Chimp Verus', 'Chimp Schweinfurthii', 'German Neanderthal', 'European Human', 'Puti Orangutan', 'Russian Neanderthal', 'Chimp Troglodytes', 'Jari Orangutan'} (Height: 61.125)\n",
      "Updated Distance Matrix:\n",
      "[[  0.       142.75     148.875   ]\n",
      " [142.75       0.       166.578125]\n",
      " [148.875    166.578125   0.      ]]\n",
      "\n",
      "Merging Clusters: {'Western Lowland Gorilla', 'Eastern Lowland Gorilla', 'Mountain Gorilla Rwanda'} and {'Chimp Vellerosus'} → {'Western Lowland Gorilla', 'Chimp Vellerosus', 'Eastern Lowland Gorilla', 'Mountain Gorilla Rwanda'} (Height: 71.375)\n",
      "Updated Distance Matrix:\n",
      "[[  0.        157.7265625]\n",
      " [157.7265625   0.       ]]\n",
      "\n",
      "Merging Clusters: {'Western Lowland Gorilla', 'Chimp Vellerosus', 'Eastern Lowland Gorilla', 'Mountain Gorilla Rwanda'} and {'Chimp Verus', 'Chimp Schweinfurthii', 'German Neanderthal', 'European Human', 'Puti Orangutan', 'Russian Neanderthal', 'Chimp Troglodytes', 'Jari Orangutan'} → {'Chimp Schweinfurthii', 'German Neanderthal', 'Mountain Gorilla Rwanda', 'European Human', 'Jari Orangutan', 'Russian Neanderthal', 'Chimp Verus', 'Eastern Lowland Gorilla', 'Western Lowland Gorilla', 'Chimp Vellerosus', 'Puti Orangutan', 'Chimp Troglodytes'} (Height: 78.86328125)\n",
      "Updated Distance Matrix:\n",
      "[[0.]]\n",
      "\n",
      "Final List of Clusters:\n",
      "{ {'Chimp Schweinfurthii', 'German Neanderthal', 'Mountain Gorilla Rwanda', 'European Human', 'Jari Orangutan', 'Russian Neanderthal', 'Chimp Verus', 'Eastern Lowland Gorilla', 'Western Lowland Gorilla', 'Chimp Vellerosus', 'Puti Orangutan', 'Chimp Troglodytes'} }\n",
      "\n",
      "Final Tree:\n",
      "Cluster 12 → (6, 5) [Height: 5.5]\n",
      "Cluster 13 → (8, 3) [Height: 8.5]\n",
      "Cluster 14 → (9, 4) [Height: 10.5]\n",
      "Cluster 15 → (14, 11) [Height: 19.0]\n",
      "Cluster 16 → (1, 0) [Height: 23.0]\n",
      "Cluster 17 → (13, 7) [Height: 30.0]\n",
      "Cluster 18 → (16, 2) [Height: 30.25]\n",
      "Cluster 19 → (18, 15) [Height: 44.3125]\n",
      "Cluster 20 → (19, 12) [Height: 61.125]\n",
      "Cluster 21 → (17, 10) [Height: 71.375]\n",
      "Cluster 22 → (21, 20) [Height: 78.86328125]\n"
     ]
    },
    {
     "data": {
      "text/plain": [
       "{12: (6, 5, 5.5),\n",
       " 13: (8, 3, 8.5),\n",
       " 14: (9, 4, 10.5),\n",
       " 15: (14, 11, 19.0),\n",
       " 16: (1, 0, 23.0),\n",
       " 17: (13, 7, 30.0),\n",
       " 18: (16, 2, 30.25),\n",
       " 19: (18, 15, 44.3125),\n",
       " 20: (19, 12, 61.125),\n",
       " 21: (17, 10, 71.375),\n",
       " 22: (21, 20, 78.86328125)}"
      ]
     },
     "execution_count": 100,
     "metadata": {},
     "output_type": "execute_result"
    }
   ],
   "source": [
    "# Run algorithm on species DNA\n",
    "upgma(dist_matrix, species_names)"
   ]
  },
  {
   "cell_type": "code",
   "execution_count": null,
   "id": "1dbe92f3-5c19-44f2-8c36-fdf3697f4aa2",
   "metadata": {},
   "outputs": [],
   "source": []
  }
 ],
 "metadata": {
  "kernelspec": {
   "display_name": "Python 3 (ipykernel)",
   "language": "python",
   "name": "python3"
  },
  "language_info": {
   "codemirror_mode": {
    "name": "ipython",
    "version": 3
   },
   "file_extension": ".py",
   "mimetype": "text/x-python",
   "name": "python",
   "nbconvert_exporter": "python",
   "pygments_lexer": "ipython3",
   "version": "3.12.3"
  }
 },
 "nbformat": 4,
 "nbformat_minor": 5
}
